36			;numero de nos
60			;num. arestas
8 			;comprimento 'ideal' da aresta

;coordenadas dos nos
1 -10 -6
2 -6 -6
3 -2 -6
4 2 -6
5 6 -6
6 10 -6

7 -10 -2
8 -6 -2
9 -2 -2
10 2 -2
11 6 -2
12 10 -2

13 -10 2
14 -6 2
15 -2 2
16 2 2
17 6 2
18 10 2

19 -10 6
20 -6 6
21 -2 6
22 2 6
23 6 6
24 10 6

25 -10 10
26 -6 10
27 -2 10
28 2 10
29 6 10
30 10 10

31 -10 14
32 -6 14
33 -2 14
34 2 14
35 6 14
36 10 14

;arestas de ligacao
;id origem destino capacidade

;horizontais
1 1 2 15
2 2 3 15
3 3 4 15
4 4 5 15
5 5 6 15

6 11 12 15
7 10 11 15
8 9 10 15
9 8 9 15
10 7 8 15

11 14 13 15
12 15 14 15
13 16 15 15
14 17 16 15
15 18 17 15

16 23 24 15
17 22 23 45
18 21 22 45
19 20 21 45
20 19 20 15

21 26 25 15
22 27 26 15
23 28 27 15
24 29 28 15
25 30 29 15

26 36 35 15
27 35 34 15
28 34 33 15
29 33 32 15
30 32 31 15

;verticais
31 31 25 15
32 25 19 15
33 19 13 15
34 13 7 15
35 7 1 15

36 2 8  15
37 8 14 15
38 14 20 15
39 20 26 15
40 26 32 15

41 33 27 15
42 27 21 15
43 21 15 15
44 15 9 15
45 9 3 15

46 4 10 15
47 10 16 15
48 16 22 15
49 22 28 15
50 28 34 15

51 35 29 15
52 29 23 15
53 23 17 45
54 17 11 45
55 11 5 15

56 6 12  15
57 12 18 15
58 18 24 15
59 24 30 15
60 30 36 15

